Predicted  0    1   2   3   4   5    6   7    8    9  ...  11  12   13  14  \
Actual                                                ...                    
0          25   14   3   0  15   3   17   0    5    1 ...   0   0    0   1   
1          10   75   1   0  13   0   13   0    9    0 ...   1   0    0   3   
2           2    4  66   3   2   3    9   0    6    3 ...   1   2    0   3   
3           4    2   0  46   1   2    3   1    7    3 ...   1   0    9   4   
4           5    7   0   0  30   1    8   0    3    3 ...   0   0    0   0   
5           2    3   1   0   5  61   14   0   19    2 ...   3   1    6   4   
6          10   23   6   1  18  14   61   0   46    9 ...   1   1    0   2   
7           0    1   1   1   0   0    0  46    0    0 ...   3   0    4   2   
8           4    4   4   1   5  14   23   0   52    5 ...   2   1    2   4   
9          41  105  29  31  58  98  170   2  117  296 ...  15  13   26  96   
10          1    7   0   0   5   3    3  12    2    0 ...   1   1    0   4   
11          3    4   2   1   0   4    2   1    5    0 ...  33   5    3   6   
12          0    1   0   0   1   2    1   1    2    1 ...   9  47    2   6   
13          1    2   2   5   5  19    4  17    8    9 ...  10   5  209   7   
14          3    8   2   6   4   7    7   1   16   14 ...   2   2    5  45   
15          1    1   1   1   2   0    1   2    0    1 ...   1   0    2   1   
16          2    6   8  10  14  33   17   9   18    8 ...   4   9   22  14   
17         11    9   2   1   5   9   28   0   18    2 ...   1   7    0   2   
18          1    2   4   0   1   8    8   1    8    2 ...   2   0    3   4   
19          2    3   2   0   3   5   17   0   11    5 ...   1   0    0   5   

Predicted  15   16  17  18   19  20  
Actual                               
0           0    0   4   1    1   1  
1           0    1   3   1    5   1  
2           0    4   2   4   21   1  
3           1    6   1   1    2   5  
4           0    1   1   2    1   2  
5           2   13   1  12    3   5  
6           0    1   6   4    5   8  
7           0    8   0   2    0   2  
8           0    1   7   4    9   1  
9           5   33  96  47  117  67  
10          1    3   1   7    2   2  
11          0    0   1   4    1   3  
12          0    1   3   1    1   1  
13          1   20  10   9    7  12  
14          1    3   4   9   11   8  
15         76    5   2   0    0   4  
16         10  158   8  21    9  16  
17          0    3  33   1    3   7  
18          0    9   1  40    3   2  
19          0    0   3   0   59   0  

[20 rows x 21 columns]